0, 1652272830286627, 1652272830286651, 24
1, 1652272830301295, 1652272830301300, 5
2, 1652272830313592, 1652272830313597, 5
3, 1652272830325958, 1652272830325963, 5
4, 1652272830338640, 1652272830338645, 5
5, 1652272830351334, 1652272830351339, 5
6, 1652272830364103, 1652272830364106, 3
7, 1652272830376794, 1652272830376799, 5
8, 1652272830389504, 1652272830389509, 5
9, 1652272830402278, 1652272830402286, 8
10, 1652272830415022, 1652272830415027, 5
11, 1652272830427776, 1652272830427779, 3
12, 1652272830440135, 1652272830440141, 6
13, 1652272830452807, 1652272830452814, 7
14, 1652272830465152, 1652272830465155, 3
15, 1652272830477827, 1652272830477828, 1
16, 1652272830490161, 1652272830490165, 4
17, 1652272830502910, 1652272830502918, 8
18, 1652272830515668, 1652272830515671, 3
19, 1652272830527995, 1652272830528000, 5
20, 1652272830540348, 1652272830540355, 7
21, 1652272830552681, 1652272830552684, 3
22, 1652272830565022, 1652272830565027, 5
23, 1652272830577353, 1652272830577354, 1
24, 1652272830590103, 1652272830590107, 4
25, 1652272830602854, 1652272830602855, 1
26, 1652272830615993, 1652272830615999, 6
27, 1652272830628771, 1652272830628773, 2
28, 1652272830641448, 1652272830641456, 8
29, 1652272830654206, 1652272830654207, 1
30, 1652272830666875, 1652272830666877, 2
31, 1652272830679250, 1652272830679253, 3
32, 1652272830691333, 1652272830691340, 7
33, 1652272830703386, 1652272830703393, 7
34, 1652272830715884, 1652272830715891, 7
35, 1652272830728235, 1652272830728239, 4
36, 1652272830740910, 1652272830740914, 4
37, 1652272830753279, 1652272830753286, 7
38, 1652272830765959, 1652272830765964, 5
39, 1652272830778715, 1652272830778720, 5
40, 1652272830791457, 1652272830791458, 1
41, 1652272830804200, 1652272830804207, 7
42, 1652272830816496, 1652272830816501, 5
43, 1652272830828787, 1652272830828789, 2
44, 1652272830840684, 1652272830840685, 1
45, 1652272830852172, 1652272830852176, 4
46, 1652272830864518, 1652272830864525, 7
47, 1652272830877199, 1652272830877205, 6
48, 1652272830889555, 1652272830889561, 6
49, 1652272830901888, 1652272830901934, 46
50, 1652272830934090, 1652272830934093, 3
51, 1652272830946796, 1652272830946802, 6
52, 1652272830959196, 1652272830959200, 4
53, 1652272830971256, 1652272830971260, 4
54, 1652272830983323, 1652272830983325, 2
55, 1652272830995800, 1652272830995803, 3
56, 1652272831008157, 1652272831008161, 4
57, 1652272831020494, 1652272831020498, 4
58, 1652272831032818, 1652272831032820, 2
59, 1652272831045138, 1652272831045142, 4
60, 1652272831057800, 1652272831057809, 9
61, 1652272831070142, 1652272831070146, 4
62, 1652272831082492, 1652272831082498, 6
63, 1652272831095238, 1652272831095244, 6
64, 1652272831107930, 1652272831107937, 7
65, 1652272831120689, 1652272831120696, 7
66, 1652272831133430, 1652272831133433, 3
67, 1652272831145771, 1652272831145774, 3
68, 1652272831158092, 1652272831158100, 8
69, 1652272831170823, 1652272831170830, 7
70, 1652272831183501, 1652272831183508, 7
71, 1652272831196260, 1652272831196267, 7
72, 1652272831209002, 1652272831209007, 5
73, 1652272831221259, 1652272831221261, 2
74, 1652272831233943, 1652272831233945, 2
75, 1652272831246640, 1652272831246642, 2
76, 1652272831259331, 1652272831259335, 4
77, 1652272831272018, 1652272831272020, 2
78, 1652272831284365, 1652272831284367, 2
79, 1652272831297095, 1652272831297099, 4
80, 1652272831309758, 1652272831309761, 3
81, 1652272831322467, 1652272831322468, 1
82, 1652272831334798, 1652272831334803, 5
83, 1652272831347469, 1652272831347489, 20
84, 1652272831359834, 1652272831359837, 3
85, 1652272831372539, 1652272831372544, 5
86, 1652272831384888, 1652272831384895, 7
87, 1652272831397229, 1652272831397236, 7
88, 1652272831410347, 1652272831410351, 4
89, 1652272831423063, 1652272831423070, 7
90, 1652272831436227, 1652272831436283, 56
91, 1652272831449028, 1652272831449036, 8
92, 1652272831461757, 1652272831461763, 6
93, 1652272831474814, 1652272831474816, 2
94, 1652272831487865, 1652272831487867, 2
95, 1652272831500904, 1652272831500914, 10
96, 1652272831513182, 1652272831513184, 2
97, 1652272831526223, 1652272831526225, 2
98, 1652272831541881, 1652272831541884, 3
99, 1652272831554167, 1652272831554175, 8
